Postbyte
========
00  0000 0000    0,X
01  0000 0001    1,X
02  0000 0010    2,X

0F  0000 1111   15,X
10  0001 0000  -16,X
11  0001 0001  -15,X

1F  0001 1111   -1,X
--------------------
20  0010 0000    0,Y
21  0010 0001    1,Y
22  0010 0010    2,Y

2F  0010 1111   15,Y
30  0011 0000  -16,Y
31  0011 0001  -15,Y

3F  0011 1111   -1,Y
--------------------
40  0100 0000    0,U
41  0100 0001    1,U
42  0100 0010    2,U

4F  0100 1111   15,U
50  0101 0000  -16,U
51  0101 0001  -15,U

5F  0101 1111   -1,U
--------------------
60  0110 0000    0,S
61  0110 0001    1,S
62  0110 0010    2,S

6F  0110 1111   15,S
70  0111 0000  -16,S
71  0111 0001  -15,S

7F  0111 1111   -1,S
--------------------

